# ArrayNum  Uncal_E  Err Energies
       16-0.01655350.0194863  121.782
       16-0.01655350.0194863  244.697
       16-0.01655350.0194863  344.279
       16-0.01655350.0194863  443.965
       16-0.01655350.0194863  778.904
       16-0.01655350.0194863  867.373
       16-0.01655350.0194863  964.079
       16-0.01655350.0194863  1112.07
       16-0.01655350.0194863  1299.14
       16-0.01655350.0194863  1408.01
       17-0.06429290.0614424  121.782
       17-0.06429290.0614424  244.697
       17-0.06429290.0614424  344.279
       17-0.06429290.0614424  443.965
       17-0.06429290.0614424  778.904
       17-0.06429290.0614424  867.373
       17-0.06429290.0614424  964.079
       17-0.06429290.0614424  1112.07
       17-0.06429290.0614424  1299.14
       17-0.06429290.0614424  1408.01
       180.04415130.0177312  121.782
       180.04415130.0177312  244.697
       180.04415130.0177312  344.279
       180.04415130.0177312  443.965
       180.04415130.0177312  778.904
       180.04415130.0177312  867.373
       180.04415130.0177312  964.079
       180.04415130.0177312  1112.07
       180.04415130.0177312  1299.14
       180.04415130.0177312  1408.01
       19-0.05660140.0401058  121.782
       19-0.05660140.0401058  244.697
       19-0.05660140.0401058  344.279
       19-0.05660140.0401058  443.965
       19-0.05660140.0401058  778.904
       19-0.05660140.0401058  867.373
       19-0.05660140.0401058  964.079
       19-0.05660140.0401058  1112.07
       19-0.05660140.0401058  1299.14
       19-0.05660140.0401058  1408.01
       20 0.9076420.0329746  121.782
       20 0.9076420.0329746  244.697
       20 0.9076420.0329746  344.279
       20 0.9076420.0329746  443.965
       20 0.9076420.0329746  778.904
       20 0.9076420.0329746  867.373
       20 0.9076420.0329746  964.079
       20 0.9076420.0329746  1112.07
       20 0.9076420.0329746  1299.14
       20 0.9076420.0329746  1408.01
       21  30.6438 0.144904  121.782
       21  30.6438 0.144904  244.697
       21  30.6438 0.144904  344.279
       21  30.6438 0.144904  443.965
       21  30.6438 0.144904  778.904
       21  30.6438 0.144904  867.373
       21  30.6438 0.144904  964.079
       21  30.6438 0.144904  1112.07
       21  30.6438 0.144904  1299.14
       21  30.6438 0.144904  1408.01
       22 0.6547050.0468497  121.782
       22 0.6547050.0468497  244.697
       22 0.6547050.0468497  344.279
       22 0.6547050.0468497  443.965
       22 0.6547050.0468497  778.904
       22 0.6547050.0468497  867.373
       22 0.6547050.0468497  964.079
       22 0.6547050.0468497  1112.07
       22 0.6547050.0468497  1299.14
       22 0.6547050.0468497  1408.01
       23 0.8627030.0377299  121.782
       23 0.8627030.0377299  244.697
       23 0.8627030.0377299  344.279
       23 0.8627030.0377299  443.965
       23 0.8627030.0377299  778.904
       23 0.8627030.0377299  867.373
       23 0.8627030.0377299  964.079
       23 0.8627030.0377299  1112.07
       23 0.8627030.0377299  1299.14
       23 0.8627030.0377299  1408.01
       24 0.475249 0.115143  121.782
       24 0.475249 0.115143  244.697
       24 0.475249 0.115143  344.279
       24 0.475249 0.115143  443.965
       24 0.475249 0.115143  778.904
       24 0.475249 0.115143  867.373
       24 0.475249 0.115143  964.079
       24 0.475249 0.115143  1112.07
       24 0.475249 0.115143  1299.14
       24 0.475249 0.115143  1408.01
       25 -1.41306  0.03761  121.782
       25 -1.41306  0.03761  244.697
       25 -1.41306  0.03761  344.279
       25 -1.41306  0.03761  443.965
       25 -1.41306  0.03761  778.904
       25 -1.41306  0.03761  867.373
       25 -1.41306  0.03761  964.079
       25 -1.41306  0.03761  1112.07
       25 -1.41306  0.03761  1299.14
       25 -1.41306  0.03761  1408.01
       26-0.0914224 0.120155  121.782
       26-0.0914224 0.120155  244.697
       26-0.0914224 0.120155  344.279
       26-0.0914224 0.120155  443.965
       26-0.0914224 0.120155  778.904
       26-0.0914224 0.120155  867.373
       26-0.0914224 0.120155  964.079
       26-0.0914224 0.120155  1112.07
       26-0.0914224 0.120155  1299.14
       26-0.0914224 0.120155  1408.01
       27 0.3576760.0915214  121.782
       27 0.3576760.0915214  244.697
       27 0.3576760.0915214  344.279
       27 0.3576760.0915214  443.965
       27 0.3576760.0915214  778.904
       27 0.3576760.0915214  867.373
       27 0.3576760.0915214  964.079
       27 0.3576760.0915214  1112.07
       27 0.3576760.0915214  1299.14
       27 0.3576760.0915214  1408.01
       28 0.4200420.0407158  121.782
       28 0.4200420.0407158  244.697
       28 0.4200420.0407158  344.279
       28 0.4200420.0407158  443.965
       28 0.4200420.0407158  778.904
       28 0.4200420.0407158  867.373
       28 0.4200420.0407158  964.079
       28 0.4200420.0407158  1112.07
       28 0.4200420.0407158  1299.14
       28 0.4200420.0407158  1408.01
       29 0.2770120.0396169  121.782
       29 0.2770120.0396169  244.697
       29 0.2770120.0396169  344.279
       29 0.2770120.0396169  443.965
       29 0.2770120.0396169  778.904
       29 0.2770120.0396169  867.373
       29 0.2770120.0396169  964.079
       29 0.2770120.0396169  1112.07
       29 0.2770120.0396169  1299.14
       29 0.2770120.0396169  1408.01
       30  29.22760.0490689  121.782
       30  29.22760.0490689  244.697
       30  29.22760.0490689  344.279
       30  29.22760.0490689  443.965
       30  29.22760.0490689  778.904
       30  29.22760.0490689  867.373
       30  29.22760.0490689  964.079
       30  29.22760.0490689  1112.07
       30  29.22760.0490689  1299.14
       30  29.22760.0490689  1408.01
       31  1.011130.0343324  121.782
       31  1.011130.0343324  244.697
       31  1.011130.0343324  344.279
       31  1.011130.0343324  443.965
       31  1.011130.0343324  778.904
       31  1.011130.0343324  867.373
       31  1.011130.0343324  964.079
       31  1.011130.0343324  1112.07
       31  1.011130.0343324  1299.14
       31  1.011130.0343324  1408.01
       32 0.3911510.0589386  121.782
       32 0.3911510.0589386  244.697
       32 0.3911510.0589386  344.279
       32 0.3911510.0589386  443.965
       32 0.3911510.0589386  778.904
       32 0.3911510.0589386  867.373
       32 0.3911510.0589386  964.079
       32 0.3911510.0589386  1112.07
       32 0.3911510.0589386  1299.14
       32 0.3911510.0589386  1408.01
       33  1.06899 0.079013  121.782
       33  1.06899 0.079013  244.697
       33  1.06899 0.079013  344.279
       33  1.06899 0.079013  443.965
       33  1.06899 0.079013  778.904
       33  1.06899 0.079013  867.373
       33  1.06899 0.079013  964.079
       33  1.06899 0.079013  1112.07
       33  1.06899 0.079013  1299.14
       33  1.06899 0.079013  1408.01
       34-0.03347970.0874305  121.782
       34-0.03347970.0874305  244.697
       34-0.03347970.0874305  344.279
       34-0.03347970.0874305  443.965
       34-0.03347970.0874305  778.904
       34-0.03347970.0874305  867.373
       34-0.03347970.0874305  964.079
       34-0.03347970.0874305  1112.07
       34-0.03347970.0874305  1299.14
       34-0.03347970.0874305  1408.01
       35 0.233181 0.115132  121.782
       35 0.233181 0.115132  244.697
       35 0.233181 0.115132  344.279
       35 0.233181 0.115132  443.965
       35 0.233181 0.115132  778.904
       35 0.233181 0.115132  867.373
       35 0.233181 0.115132  964.079
       35 0.233181 0.115132  1112.07
       35 0.233181 0.115132  1299.14
       35 0.233181 0.115132  1408.01
       36 0.1236550.0629036  121.782
       36 0.1236550.0629036  244.697
       36 0.1236550.0629036  344.279
       36 0.1236550.0629036  443.965
       36 0.1236550.0629036  778.904
       36 0.1236550.0629036  867.373
       36 0.1236550.0629036  964.079
       36 0.1236550.0629036  1112.07
       36 0.1236550.0629036  1299.14
       36 0.1236550.0629036  1408.01
       37 -1.51304 0.035196  121.782
       37 -1.51304 0.035196  244.697
       37 -1.51304 0.035196  344.279
       37 -1.51304 0.035196  443.965
       37 -1.51304 0.035196  778.904
       37 -1.51304 0.035196  867.373
       37 -1.51304 0.035196  964.079
       37 -1.51304 0.035196  1112.07
       37 -1.51304 0.035196  1299.14
       37 -1.51304 0.035196  1408.01
       38  23.69020.0155165  121.782
       38  23.69020.0155165  244.697
       38  23.69020.0155165  344.279
       38  23.69020.0155165  443.965
       38  23.69020.0155165  778.904
       38  23.69020.0155165  867.373
       38  23.69020.0155165  964.079
       38  23.69020.0155165  1112.07
       38  23.69020.0155165  1299.14
       38  23.69020.0155165  1408.01
       39 0.585242 0.164517  121.782
       39 0.585242 0.164517  244.697
       39 0.585242 0.164517  344.279
       39 0.585242 0.164517  443.965
       39 0.585242 0.164517  778.904
       39 0.585242 0.164517  867.373
       39 0.585242 0.164517  964.079
       39 0.585242 0.164517  1112.07
       39 0.585242 0.164517  1299.14
       39 0.585242 0.164517  1408.01
       40 0.5254690.0208809  121.782
       40 0.5254690.0208809  244.697
       40 0.5254690.0208809  344.279
       40 0.5254690.0208809  443.965
       40 0.5254690.0208809  778.904
       40 0.5254690.0208809  867.373
       40 0.5254690.0208809  964.079
       40 0.5254690.0208809  1112.07
       40 0.5254690.0208809  1299.14
       40 0.5254690.0208809  1408.01
       41-0.0005989950.0254764  121.782
       41-0.0005989950.0254764  244.697
       41-0.0005989950.0254764  344.279
       41-0.0005989950.0254764  443.965
       41-0.0005989950.0254764  778.904
       41-0.0005989950.0254764  867.373
       41-0.0005989950.0254764  964.079
       41-0.0005989950.0254764  1112.07
       41-0.0005989950.0254764  1299.14
       41-0.0005989950.0254764  1408.01
       42-0.07530560.0284964  121.782
       42-0.07530560.0284964  244.697
       42-0.07530560.0284964  344.279
       42-0.07530560.0284964  443.965
       42-0.07530560.0284964  778.904
       42-0.07530560.0284964  867.373
       42-0.07530560.0284964  964.079
       42-0.07530560.0284964  1112.07
       42-0.07530560.0284964  1299.14
       42-0.07530560.0284964  1408.01
       43-0.04587610.0276891  121.782
       43-0.04587610.0276891  244.697
       43-0.04587610.0276891  344.279
       43-0.04587610.0276891  443.965
       43-0.04587610.0276891  778.904
       43-0.04587610.0276891  867.373
       43-0.04587610.0276891  964.079
       43-0.04587610.0276891  1112.07
       43-0.04587610.0276891  1299.14
       43-0.04587610.0276891  1408.01
       44 0.229983 0.128535  121.782
       44 0.229983 0.128535  244.697
       44 0.229983 0.128535  344.279
       44 0.229983 0.128535  443.965
       44 0.229983 0.128535  778.904
       44 0.229983 0.128535  867.373
       44 0.229983 0.128535  964.079
       44 0.229983 0.128535  1112.07
       44 0.229983 0.128535  1299.14
       44 0.229983 0.128535  1408.01
       45  1.04157 0.220198  121.782
       45  1.04157 0.220198  244.697
       45  1.04157 0.220198  344.279
       45  1.04157 0.220198  443.965
       45  1.04157 0.220198  778.904
       45  1.04157 0.220198  867.373
       45  1.04157 0.220198  964.079
       45  1.04157 0.220198  1112.07
       45  1.04157 0.220198  1299.14
       45  1.04157 0.220198  1408.01
       46 0.3838460.0726933  121.782
       46 0.3838460.0726933  244.697
       46 0.3838460.0726933  344.279
       46 0.3838460.0726933  443.965
       46 0.3838460.0726933  778.904
       46 0.3838460.0726933  867.373
       46 0.3838460.0726933  964.079
       46 0.3838460.0726933  1112.07
       46 0.3838460.0726933  1299.14
       46 0.3838460.0726933  1408.01
       47 0.683078 0.100879  121.782
       47 0.683078 0.100879  244.697
       47 0.683078 0.100879  344.279
       47 0.683078 0.100879  443.965
       47 0.683078 0.100879  778.904
       47 0.683078 0.100879  867.373
       47 0.683078 0.100879  964.079
       47 0.683078 0.100879  1112.07
       47 0.683078 0.100879  1299.14
       47 0.683078 0.100879  1408.01
       48-0.02162650.0120201  121.782
       48-0.02162650.0120201  244.697
       48-0.02162650.0120201  344.279
       48-0.02162650.0120201  443.965
       48-0.02162650.0120201  778.904
       48-0.02162650.0120201  867.373
       48-0.02162650.0120201  964.079
       48-0.02162650.0120201  1112.07
       48-0.02162650.0120201  1299.14
       48-0.02162650.0120201  1408.01
       49-0.2984870.0131698  121.782
       49-0.2984870.0131698  244.697
       49-0.2984870.0131698  344.279
       49-0.2984870.0131698  443.965
       49-0.2984870.0131698  778.904
       49-0.2984870.0131698  867.373
       49-0.2984870.0131698  964.079
       49-0.2984870.0131698  1112.07
       49-0.2984870.0131698  1299.14
       49-0.2984870.0131698  1408.01
       50 0.4654640.0481167  121.782
       50 0.4654640.0481167  244.697
       50 0.4654640.0481167  344.279
       50 0.4654640.0481167  443.965
       50 0.4654640.0481167  778.904
       50 0.4654640.0481167  867.373
       50 0.4654640.0481167  964.079
       50 0.4654640.0481167  1112.07
       50 0.4654640.0481167  1299.14
       50 0.4654640.0481167  1408.01
       51 0.6974930.0291998  121.782
       51 0.6974930.0291998  244.697
       51 0.6974930.0291998  344.279
       51 0.6974930.0291998  443.965
       51 0.6974930.0291998  778.904
       51 0.6974930.0291998  867.373
       51 0.6974930.0291998  964.079
       51 0.6974930.0291998  1112.07
       51 0.6974930.0291998  1299.14
       51 0.6974930.0291998  1408.01
       52 0.636836 0.085027  121.782
       52 0.636836 0.085027  244.697
       52 0.636836 0.085027  344.279
       52 0.636836 0.085027  443.965
       52 0.636836 0.085027  778.904
       52 0.636836 0.085027  867.373
       52 0.636836 0.085027  964.079
       52 0.636836 0.085027  1112.07
       52 0.636836 0.085027  1299.14
       52 0.636836 0.085027  1408.01
       53 0.558809 0.259487  121.782
       53 0.558809 0.259487  244.697
       53 0.558809 0.259487  344.279
       53 0.558809 0.259487  443.965
       53 0.558809 0.259487  778.904
       53 0.558809 0.259487  867.373
       53 0.558809 0.259487  964.079
       53 0.558809 0.259487  1112.07
       53 0.558809 0.259487  1299.14
       53 0.558809 0.259487  1408.01
       54 0.516688 0.123543  121.782
       54 0.516688 0.123543  244.697
       54 0.516688 0.123543  344.279
       54 0.516688 0.123543  443.965
       54 0.516688 0.123543  778.904
       54 0.516688 0.123543  867.373
       54 0.516688 0.123543  964.079
       54 0.516688 0.123543  1112.07
       54 0.516688 0.123543  1299.14
       54 0.516688 0.123543  1408.01
       55  29.36120.0193978  121.782
       55  29.36120.0193978  244.697
       55  29.36120.0193978  344.279
       55  29.36120.0193978  443.965
       55  29.36120.0193978  778.904
       55  29.36120.0193978  867.373
       55  29.36120.0193978  964.079
       55  29.36120.0193978  1112.07
       55  29.36120.0193978  1299.14
       55  29.36120.0193978  1408.01
       56 0.7193430.0736919  121.782
       56 0.7193430.0736919  244.697
       56 0.7193430.0736919  344.279
       56 0.7193430.0736919  443.965
       56 0.7193430.0736919  778.904
       56 0.7193430.0736919  867.373
       56 0.7193430.0736919  964.079
       56 0.7193430.0736919  1112.07
       56 0.7193430.0736919  1299.14
       56 0.7193430.0736919  1408.01
       57  -1.5791  11.0773  121.782
       57  -1.5791  11.0773  244.697
       57  -1.5791  11.0773  344.279
       57  -1.5791  11.0773  443.965
       57  -1.5791  11.0773  778.904
       57  -1.5791  11.0773  867.373
       57  -1.5791  11.0773  964.079
       57  -1.5791  11.0773  1112.07
       57  -1.5791  11.0773  1299.14
       57  -1.5791  11.0773  1408.01
       58 0.555991 0.154634  121.782
       58 0.555991 0.154634  244.697
       58 0.555991 0.154634  344.279
       58 0.555991 0.154634  443.965
       58 0.555991 0.154634  778.904
       58 0.555991 0.154634  867.373
       58 0.555991 0.154634  964.079
       58 0.555991 0.154634  1112.07
       58 0.555991 0.154634  1299.14
       58 0.555991 0.154634  1408.01
       59  1.01431 0.114668  121.782
       59  1.01431 0.114668  244.697
       59  1.01431 0.114668  344.279
       59  1.01431 0.114668  443.965
       59  1.01431 0.114668  778.904
       59  1.01431 0.114668  867.373
       59  1.01431 0.114668  964.079
       59  1.01431 0.114668  1112.07
       59  1.01431 0.114668  1299.14
       59  1.01431 0.114668  1408.01
       60-0.0178540.0650204  121.782
       60-0.0178540.0650204  244.697
       60-0.0178540.0650204  344.279
       60-0.0178540.0650204  443.965
       60-0.0178540.0650204  778.904
       60-0.0178540.0650204  867.373
       60-0.0178540.0650204  964.079
       60-0.0178540.0650204  1112.07
       60-0.0178540.0650204  1299.14
       60-0.0178540.0650204  1408.01
       61-0.176942 0.138995  121.782
       61-0.176942 0.138995  244.697
       61-0.176942 0.138995  344.279
       61-0.176942 0.138995  443.965
       61-0.176942 0.138995  778.904
       61-0.176942 0.138995  867.373
       61-0.176942 0.138995  964.079
       61-0.176942 0.138995  1112.07
       61-0.176942 0.138995  1299.14
       61-0.176942 0.138995  1408.01
       62 0.251924  0.13876  121.782
       62 0.251924  0.13876  244.697
       62 0.251924  0.13876  344.279
       62 0.251924  0.13876  443.965
       62 0.251924  0.13876  778.904
       62 0.251924  0.13876  867.373
       62 0.251924  0.13876  964.079
       62 0.251924  0.13876  1112.07
       62 0.251924  0.13876  1299.14
       62 0.251924  0.13876  1408.01
       63-0.660099  14.6829  121.782
       63-0.660099  14.6829  244.697
       63-0.660099  14.6829  344.279
       63-0.660099  14.6829  443.965
       63-0.660099  14.6829  778.904
       63-0.660099  14.6829  867.373
       63-0.660099  14.6829  964.079
       63-0.660099  14.6829  1112.07
       63-0.660099  14.6829  1299.14
       63-0.660099  14.6829  1408.01
