# ArrayNum  Uncal_E  Err Energies
       16 0.1839520.0456665   80.997
       16 0.1839520.0456665    246.4
       16 0.1839520.0456665  302.851
       16 0.1839520.0456665  356.013
       16 0.1839520.0456665  383.848
       17 0.2240810.0389144   80.997
       17 0.2240810.0389144    246.4
       17 0.2240810.0389144  302.851
       17 0.2240810.0389144  356.013
       17 0.2240810.0389144  383.848
       18 0.2947580.0310121   80.997
       18 0.2947580.0310121    246.4
       18 0.2947580.0310121  302.851
       18 0.2947580.0310121  356.013
       18 0.2947580.0310121  383.848
       19 0.2335460.0541204   80.997
       19 0.2335460.0541204    246.4
       19 0.2335460.0541204  302.851
       19 0.2335460.0541204  356.013
       19 0.2335460.0541204  383.848
       20 0.9568820.0232549   80.997
       20 0.9568820.0232549    246.4
       20 0.9568820.0232549  302.851
       20 0.9568820.0232549  356.013
       20 0.9568820.0232549  383.848
       21  1.107040.0420515   80.997
       21  1.107040.0420515    246.4
       21  1.107040.0420515  302.851
       21  1.107040.0420515  356.013
       21  1.107040.0420515  383.848
       22  0.659180.0340545   80.997
       22  0.659180.0340545    246.4
       22  0.659180.0340545  302.851
       22  0.659180.0340545  356.013
       22  0.659180.0340545  383.848
       23 0.8608020.0276456   80.997
       23 0.8608020.0276456    246.4
       23 0.8608020.0276456  302.851
       23 0.8608020.0276456  356.013
       23 0.8608020.0276456  383.848
       240.000893419 0.150249   80.997
       240.000893419 0.150249    246.4
       240.000893419 0.150249  302.851
       240.000893419 0.150249  356.013
       240.000893419 0.150249  383.848
       25 0.7780880.0902266   80.997
       25 0.7780880.0902266    246.4
       25 0.7780880.0902266  302.851
       25 0.7780880.0902266  356.013
       25 0.7780880.0902266  383.848
       26 0.1759880.0947243   80.997
       26 0.1759880.0947243    246.4
       26 0.1759880.0947243  302.851
       26 0.1759880.0947243  356.013
       26 0.1759880.0947243  383.848
       27 0.387857 0.111572   80.997
       27 0.387857 0.111572    246.4
       27 0.387857 0.111572  302.851
       27 0.387857 0.111572  356.013
       27 0.387857 0.111572  383.848
       28  0.460620.0361881   80.997
       28  0.460620.0361881    246.4
       28  0.460620.0361881  302.851
       28  0.460620.0361881  356.013
       28  0.460620.0361881  383.848
       29 0.3319630.0303079   80.997
       29 0.3319630.0303079    246.4
       29 0.3319630.0303079  302.851
       29 0.3319630.0303079  356.013
       29 0.3319630.0303079  383.848
       30 0.4212450.0564834   80.997
       30 0.4212450.0564834    246.4
       30 0.4212450.0564834  302.851
       30 0.4212450.0564834  356.013
       30 0.4212450.0564834  383.848
       31  1.00556 0.025267   80.997
       31  1.00556 0.025267    246.4
       31  1.00556 0.025267  302.851
       31  1.00556 0.025267  356.013
       31  1.00556 0.025267  383.848
       32 0.3677620.0615248   80.997
       32 0.3677620.0615248    246.4
       32 0.3677620.0615248  302.851
       32 0.3677620.0615248  356.013
       32 0.3677620.0615248  383.848
       33 0.9276550.0455472   80.997
       33 0.9276550.0455472    246.4
       33 0.9276550.0455472  302.851
       33 0.9276550.0455472  356.013
       33 0.9276550.0455472  383.848
       34-0.1828160.0877517   80.997
       34-0.1828160.0877517    246.4
       34-0.1828160.0877517  302.851
       34-0.1828160.0877517  356.013
       34-0.1828160.0877517  383.848
       35 0.2741120.0657607   80.997
       35 0.2741120.0657607    246.4
       35 0.2741120.0657607  302.851
       35 0.2741120.0657607  356.013
       35 0.2741120.0657607  383.848
       36 0.218612 0.047466   80.997
       36 0.218612 0.047466    246.4
       36 0.218612 0.047466  302.851
       36 0.218612 0.047466  356.013
       36 0.218612 0.047466  383.848
       37 -1.620270.0264606   80.997
       37 -1.620270.0264606    246.4
       37 -1.620270.0264606  302.851
       37 -1.620270.0264606  356.013
       37 -1.620270.0264606  383.848
       38 -1.17024 0.420787   80.997
       38 -1.17024 0.420787    246.4
       38 -1.17024 0.420787  302.851
       38 -1.17024 0.420787  356.013
       38 -1.17024 0.420787  383.848
       39 0.547944  0.12706   80.997
       39 0.547944  0.12706    246.4
       39 0.547944  0.12706  302.851
       39 0.547944  0.12706  356.013
       39 0.547944  0.12706  383.848
       40 0.7964630.0205343   80.997
       40 0.7964630.0205343    246.4
       40 0.7964630.0205343  302.851
       40 0.7964630.0205343  356.013
       40 0.7964630.0205343  383.848
       41 0.1092310.0326828   80.997
       41 0.1092310.0326828    246.4
       41 0.1092310.0326828  302.851
       41 0.1092310.0326828  356.013
       41 0.1092310.0326828  383.848
       42 0.1569920.0308042   80.997
       42 0.1569920.0308042    246.4
       42 0.1569920.0308042  302.851
       42 0.1569920.0308042  356.013
       42 0.1569920.0308042  383.848
       43 0.2018370.0310258   80.997
       43 0.2018370.0310258    246.4
       43 0.2018370.0310258  302.851
       43 0.2018370.0310258  356.013
       43 0.2018370.0310258  383.848
       44 0.1008460.0948028   80.997
       44 0.1008460.0948028    246.4
       44 0.1008460.0948028  302.851
       44 0.1008460.0948028  356.013
       44 0.1008460.0948028  383.848
       45 0.7266160.0834032   80.997
       45 0.7266160.0834032    246.4
       45 0.7266160.0834032  302.851
       45 0.7266160.0834032  356.013
       45 0.7266160.0834032  383.848
       46 0.214188 0.073957   80.997
       46 0.214188 0.073957    246.4
       46 0.214188 0.073957  302.851
       46 0.214188 0.073957  356.013
       46 0.214188 0.073957  383.848
       47 0.7417050.0590915   80.997
       47 0.7417050.0590915    246.4
       47 0.7417050.0590915  302.851
       47 0.7417050.0590915  356.013
       47 0.7417050.0590915  383.848
       48 0.709297 0.017985   80.997
       48 0.709297 0.017985    246.4
       48 0.709297 0.017985  302.851
       48 0.709297 0.017985  356.013
       48 0.709297 0.017985  383.848
       49 0.1109410.0261056   80.997
       49 0.1109410.0261056    246.4
       49 0.1109410.0261056  302.851
       49 0.1109410.0261056  356.013
       49 0.1109410.0261056  383.848
       50 0.5471590.0327509   80.997
       50 0.5471590.0327509    246.4
       50 0.5471590.0327509  302.851
       50 0.5471590.0327509  356.013
       50 0.5471590.0327509  383.848
       51 0.6730450.0201223   80.997
       51 0.6730450.0201223    246.4
       51 0.6730450.0201223  302.851
       51 0.6730450.0201223  356.013
       51 0.6730450.0201223  383.848
       52-0.549962  14.2004   80.997
       52-0.549962  14.2004    246.4
       52-0.549962  14.2004  302.851
       52-0.549962  14.2004  356.013
       52-0.549962  14.2004  383.848
       53 0.547666 0.100142   80.997
       53 0.547666 0.100142    246.4
       53 0.547666 0.100142  302.851
       53 0.547666 0.100142  356.013
       53 0.547666 0.100142  383.848
       54 0.5043680.0876912   80.997
       54 0.5043680.0876912    246.4
       54 0.5043680.0876912  302.851
       54 0.5043680.0876912  356.013
       54 0.5043680.0876912  383.848
       55 0.300106   1.0767   80.997
       55 0.300106   1.0767    246.4
       55 0.300106   1.0767  302.851
       55 0.300106   1.0767  356.013
       55 0.300106   1.0767  383.848
       56 0.4566950.0591297   80.997
       56 0.4566950.0591297    246.4
       56 0.4566950.0591297  302.851
       56 0.4566950.0591297  356.013
       56 0.4566950.0591297  383.848
       57 0.986892 0.165142   80.997
       57 0.986892 0.165142    246.4
       57 0.986892 0.165142  302.851
       57 0.986892 0.165142  356.013
       57 0.986892 0.165142  383.848
       58 0.719031 0.103783   80.997
       58 0.719031 0.103783    246.4
       58 0.719031 0.103783  302.851
       58 0.719031 0.103783  356.013
       58 0.719031 0.103783  383.848
       59 0.480277 0.131995   80.997
       59 0.480277 0.131995    246.4
       59 0.480277 0.131995  302.851
       59 0.480277 0.131995  356.013
       59 0.480277 0.131995  383.848
       60-0.08032620.0481206   80.997
       60-0.08032620.0481206    246.4
       60-0.08032620.0481206  302.851
       60-0.08032620.0481206  356.013
       60-0.08032620.0481206  383.848
       61-0.385755 0.151494   80.997
       61-0.385755 0.151494    246.4
       61-0.385755 0.151494  302.851
       61-0.385755 0.151494  356.013
       61-0.385755 0.151494  383.848
       62  0.10514 0.045897   80.997
       62  0.10514 0.045897    246.4
       62  0.10514 0.045897  302.851
       62  0.10514 0.045897  356.013
       62  0.10514 0.045897  383.848
       630.00254212 0.118687   80.997
       630.00254212 0.118687    246.4
       630.00254212 0.118687  302.851
       630.00254212 0.118687  356.013
       630.00254212 0.118687  383.848
